6087
1712
1997
2789
7611
9793
3186
1376
6496
7445
7679
7975
8931
9842
2659
2670
2792
3141
3612
6734
7581
7730
9275
9846
9948
2303
2337
2341
2459
2698
2809
2830
2882
2918
3222
3382
3396
4187
4530
4668
4728
4763
5982
6183
6469
7544
7649
7888
8016
8278
8570
8905
9369
9414
9787
9876
9903
9983
5932
6136
137A
189A
2153
2157
2186
2300
2305
2338
244A
2653
2686
2687
2735
2736
2747
274A
2769
2872
2999
3046
3089
3192
3201
3267
3280
3349
3353
3454
3490
3541
3543
3546
3550
3557
3560
3562
3607
3647
3678
3791
3815
3892
3922
3967
3991
4076
4173
4343
4370
4394
4397
4440
4494
4577
4645
4714
4735
4745
4760
4829
5129
5271
5578
5900
5942
6093
6255
6289
6312
6323
6489
6492
6506
6522
6552
6668
6897
7219
7360
7373
7427
7434
7450
7453
7487
7512
7513
7516
7520
7601
7603
7607
7673
7725
8008
8125
8127
8166
8181
8185
8194
8198
8200
8203
8237
8244
8908
8923
8940
9216
9270
9278
9313
9716
9765
9778
9835
9861
9946
9974
9982
9993
7713
6432
8886
135A
1377
1401
1407
1418
1419
1430
1434
156A
1887
190A
198A
205A
2168
228A
2292
2379
2404
2449
245A
2462
2471
2484
2493
2668
2669
2726
277A
2791
2798
280A
2884
2927
2975
3021
3030
3045
3048
3063
3065
3073
3080
3083
3087
3093
3094
3139
3148
3174
3177
3189
3198
3223
3236
3266
3297
3387
3440
3479
3498
3501
3536
3547
3548
3558
3608
3627
3645
3697
3760
3810
3823
3826
3907
3915
3935
3987
3994
3996
4015
4016
4017
4057
4176
4197
4198
4199
4270
4361
4412
4413
4429
4432
4433
4434
4439
4443
4490
4616
4673
4885
4891
4920
4992
5018
5025
5026
5078
5243
5246
5250
5527
5574
5575
5577
5580
5595
5885
5967
6044
6047
6048
6058
6086
6150
6182
6199
6224
6474
6505
6521
6532
6543
6558
6572
6814
7035
7049
7065
7085
7351
7352
7357
7370
7388
7420
7514
7599
7608
7610
7689
7719
7805
7807
7808
7811
7818
7847
7928
7997
8095
8143
8167
8260
8273
8904
9168
9215
9238
9241
9250
9252
9253
9264
9265
9326
9331
9381
9418
9558
9560
9601
9602
9661
9720
9740
9812
9837
9972
9978
9979
2722
138A
2734
276A
2930
6555
4430
5817
7074
9286
3168
3283
6217
7879
2979
3279
5341
6634
7083
7501
8966
9647
8960
9287
3472
8976
8977
2002
9698
2127
6080
6196
7419
7962
8137
9377
9686
9818
9552
1878
2109
2152
2175
6920
7795
8103
8141
9104
8601
2130
3439
7236
2327
2331
4475
7859
2307
3690
4826
6180
9101
165A
2216
2229
2296
2317
2371
7917
8111
8154
8934
4385
1332
1813
1929
1968
2112
2372
2440
2464
2475
3242
3625
4284
7826
8078
8104
8119
8715
8919
9360
3436
1979
2117
2201
2209
2269
2445
8132
8869
8945
9880
3449
1762
1821
1860
1909
2124
2332
3992
6340
7069
9273
9514
6728
8151
130A
1808
1853
1925
1969
2270
2323
